18
33
13
31
5
23
1
17
2
17
10
12
33
17
5
18
23
0
16
0
16
10
14
29
33
21
7
36
24
28
4
3
31
10
8
6
19
10
10
8
23
26
27
8
5
12
16
32
12
30
18
24
27
9
5
4
3
0
5
9
27
18
22
15
20
23
28
8
1
9
7
27
3
24
33
27
16
10
21
29
2
2
1
22
3
28
35
19
26
30
0
32
19
13
23
9
16
20
3
35
23
13
20
14
27
17
1
15
32
28
16
18
29
31
6
9
3
8
36
18
12
33
6
19
12
12
4
32
28
20
31
12
2
32
15
13
11
30
19
21
8
23
5
32
24
12
34
6
6
30
15
29
12
22
26
36
19
4
14
23
18
14
27
16
36
34
16
26
19
1
16
29
0
2
1
17
12
10
6
17
0
25
34
24
22
29
5
33
30
25
30
25
33
27
25
0
14
10
7
30
1
11
22
23
0
25
26
3
2
18
23
7
21
33
26
0
15
12
17
10
12
36
29
17
8
9
10
30
12
25
5
32
16
23
5
27
25
33
24
7
1
4
3
25
34
9
19
18
22
20
10
27
10
35
0
9
27
29
18
20
2
7
1
13
18
25
7
27
23
31
33
12
26
21
26
8
21
27
27
9
23
16
23
25
25
28
18
29
5
13
12
28
19
33
30
21
4
32
5
11
23
14
2
1
0
7
3
14
16
36
23
4
24
4
19
22
31
16
21
31
35
2
25
30
25
5
33
36
16
15
36
26
18
27
29
10
26
9
6
33
31
16
17
4
17
25
36
32
13
36
32
36
12
19
9
23
28
32
1
26
30
18
12
29
19
29
28
20
19
20
4
13
10
0
29
6
10
8
26
8
33
29
1
0
3
12
12
31
29
24
6
4
36
4
12
2
14
33
22
32
3
24
13
18
29
30
13
15
12
16
12
10
9
22
30
3
34
3
29
23
1
15
36
9
25
5
16
25
13
20
26
14
24
18
20
18
36
36
25
8
7
25
33
21
12
6
14
27
31
17
28
32
32
4
12
4
14
21
33
20
31
12
3
19
21
13
22
22
15
27
2
2
30
20
36
22
35
22
1
19
31
3
32
0
26
7
12
22
18
5
13
6
1
36
28
5
14